0.095715 12.316081 40.736398 
0.244665 20.599817 24.947640 
-3.947061 11.432985 46.638381 
-7.461412 -2.257472 28.961006 
-3.075322 13.953249 30.643199 
-4.040041 22.545127 33.225037 
-0.062766 2.137866 24.481897 
4.031951 12.027304 21.185373 
-1.995918 2.943588 19.282487 
5.089849 16.154466 24.671716 
-13.568561 28.730168 50.924578 
-2.885572 17.532830 18.467885 
-3.177455 2.423677 5.011352 
-6.779275 9.709040 24.628947 
-4.338247 3.770793 26.774248 
-4.812185 17.851839 26.973066 
-1.873714 16.759012 27.150776 
7.062805 0.521255 17.257281 
-2.150042 12.266169 36.034667 
-13.491776 3.370999 23.474707 
0.153087 18.545840 20.394543 
-4.518429 -1.379906 15.480203 
-1.582231 7.667810 14.603722 
-4.127588 -0.388156 28.854815 
4.131296 8.286836 46.214237 
-1.152744 6.673588 25.368569 
-0.801598 4.605267 27.151394 
-2.621524 11.962128 10.464598 
-3.753344 10.255409 16.610920 
1.088936 22.411103 17.507650 
-8.105324 2.688972 19.727483 
-10.730941 11.842692 30.837267 
3.937371 10.415645 13.507609 
-2.714534 6.403947 4.527204 
-6.947241 4.162825 16.853158 
-11.213237 3.416346 41.054971 
-5.166321 0.343335 16.672304 
-7.561137 6.559390 31.843468 
-3.736879 0.521966 6.694715 
-6.600846 0.472120 33.340787 
-6.260692 2.589823 9.142271 
-5.424155 17.357754 30.468267 
-8.084281 5.560455 45.178349 
-7.068000 1.211192 16.888440 
