-7.185997 1.937454 17.091201 
-5.437639 5.302273 10.601466 
-6.421776 4.743797 5.259013 
-2.904196 3.088111 27.771717 
-7.233693 0.620073 21.104295 
-2.365642 20.086944 12.321130 
-7.227563 0.010526 14.645448 
2.447167 9.772227 30.035555 
-0.404488 1.965116 7.883913 
-8.256149 20.062738 20.056397 
-2.338544 -0.626065 14.118640 
-2.034904 7.869593 13.597489 
-5.874665 10.419880 23.863413 
-5.443368 4.599777 23.364350 
-7.203310 2.596816 15.597685 
-2.509942 5.246337 17.195100 
2.585828 10.636477 20.797009 
-3.626744 3.536076 3.914288 
2.898683 1.107633 29.597304 
-3.445834 1.147937 18.908159 
-3.540329 6.417875 31.222766 
1.445713 5.655949 8.403494 
-0.599773 8.027724 15.653685 
-2.982307 0.253449 20.396492 
-8.951266 3.788201 13.026758 
-6.019213 -4.782504 3.322726 
-4.988058 6.335772 29.173293 
-9.246671 0.289300 16.822903 
-0.325606 0.712540 14.039229 
-5.277366 8.074140 37.420135 
-7.211682 -0.547106 8.678712 
-0.637690 20.449655 12.376755 
-2.004536 3.814519 25.449815 
-0.940851 9.139144 22.052338 
-4.921519 2.916949 25.025621 
-5.217641 4.687999 16.427911 
-8.445198 11.678907 22.865458 
-4.337934 4.484166 19.342602 
-0.813581 -0.463698 18.510817 
-2.655259 5.304327 19.675564 
-3.096664 11.977353 21.123380 
-4.245651 -3.895521 17.568644 
-3.663323 3.989713 10.266382 
-7.015467 8.577161 20.873998 
